
IMAGE_SHAPE = (1080, 1920)

IMG_RESCALE_FACTOR = .5

MESH_ROOT = '/media/shawnle/Data0/YCB_Video_Dataset/YCB_Video_Dataset/models/017_plastic_bottle/'

NUM_INST = 6

SAMPLE_RGB = '/home/shawnle/Documents/Projects/Summer_2019/hello_tkInter/data/bottle_case/000002-orginal-color.png'

GT_POSES = [[0.109716915,-0.9933231,-0.0356668271,-363.559326,-0.730754733,-0.05628794,-0.6803145,-88.28094,0.673765838,0.100708112,-0.732050538,579.4294,2.3284743E-09,2.63836286E-09,-9.752903E-17,0.999998868],
[0.1097166,-0.9933235,-0.03566687,-204.049149,-0.7307541,-0.0562880859,-0.6803144,-187.7649,0.6737683,0.100707218,-0.732050538,667.269,5.387157E-09,9.31329E-10,-9.122969E-11,0.9999988],
[0.109717868,-0.993323147,-0.03566699,-218.566055,-0.7307554,-0.05628792,-0.680314839,-78.5382843,0.6737654,0.100706011,-0.732050836,563.287964,1.46920059E-10,-9.313218E-10,2.950581E-10,0.9999998],
[0.11089512,-0.99332273,-0.0318164676,-238.0035,-0.7065668,-0.0562878847,-0.7054022,27.097456,0.698901057,0.100706488,-0.708089054,462.382141,1.39702672E-09,0.0,1.73142656E-09,0.9999989],
[0.10971792,-0.9933233,-0.03566689,-73.22269,-0.7307546,-0.05628812,-0.680314839,-71.09199,0.6737635,0.100708231,-0.7320509,549.309448,-1.86265114E-09,3.08406012E-09,1.13010143E-16,0.9999996],
[0.109718122,-0.993321061,-0.03566684,-92.35127,-0.730754554,-0.0562881269,-0.680315256,29.5476742,0.673762858,0.100705646,-0.7320514,452.632,-2.328316E-09,-1.98297068E-09,-4.865852E-16,0.999999762]]

# Realsense
INTRINSICS = [ 1.3651402349482889e+03, 0., 9.5950000000000000e+02, 0.,
       1.3651402349482889e+03, 5.3950000000000000e+02, 0., 0., 1.]             
DISTORTION = [1.3987771849429675e+01, -3.7644860617791721e+01,
       -4.2917762240049567e-03, -1.4317211702678191e-03,
       3.2147284807863383e+02, 1.3997143271374107e+01,
       -3.9635277267411915e+01, 3.2396813808448081e+02, 0., 0., 0., 0.,
       0., 0.]    
